1111 111111111111111111, 1. 1111111111 ‘ 1111

1111111111111111111111111111111111111111111111111 11111111. Nm 111 11111 1111 (1111 pm 1111111111-
111111111111111 1111111 111111 1111111 1111111111, 1111, 1111111111111111111111111.111111111111-
111111 11 1311111111 interpellat 111 111111(111111.111,111). 11111 111111 1111111111, 1111 111111 11111111 111111 111-
11111111 Apostolum 1111111111 1111 111111 111111111- 1111111 1 1111111111,1111 11111111. 1 01111111 1111111-
11111 1111111111 11 1111111111,Ι 1111111111 11111111 11111111111111111111111μΙ11111111111111 1111111111
1111111111,1111111111111111(11111111, 1111011111 (1011111111111111,1111111,11111111111,1111·
11 1111 11111111 11111111111111111111.11111111111 quam 111; 111111 11111111 111111,111111111111111
111111111111111111 111 1111111, 1111111111, 111111111- 11111 111 111, 11111111 1111111181111111111111-
111, 1111 pro 111111111111ς111111111111 11111- 111, 1111 1111111 111, 011· 1111111111 1111111111 111111,
111111 pm 1111111 11111 1111111111 Et 11 1111111111 11- 1111111 super me calcaneum.
1111 1111111 111 Ι111111111111111111111111ς111111 111111111111111,111111111111111,11111 111111-
111111 1111111111 nobis 1111111111 11111111, qui 1111 111;1111111111111“11111 1111111,11111111’111;1111 1111111
1111111 1111 1111111111111111111111111111111111 1111111111, 1111111111 111· me 111111. 111111111 111-
11111 111111111111111111111 ’1111111111 signino-re, 1111 11111111111111111111 1111111111 quem 1111111 1111111111,
11111,11.1111111111 11111 1111111111,1111111111111- 111111111111 11111111 11 1111111 1111111 111111
111111311111111111,1111111111111111;11111111111- 1111111111111111111111111111111111111,11111111-
1111111111111111111111,11)1111111111111111111111,11 11111111111111 11111111111111. 1111 <me 111111-
1111111111111111111111111111111111,1111111111- 11111 111111111111111 111111,111111111,1111111 ul
1111111 1111111 111111,111 11 1111101111. 111, 11) 1 111- 11111 3111111111111111 1111111, 11111111 111111111-
111111 111111 111111 11111111 111111111, 111111 1111111 1111 11 111111, 1111111111111111 1111111111. 11111-
11111111 11111111 11111111, 11111111 1ω11111111111- 1111111111 1111111 (11111111 1111111111 11111 1111111 1
111111 podes 111111111111111.111111111 111,1111111 Filio, 111111111111111, 1111· ncipit 11 11111 ma,
11111,1111111111111 1111111111· 11 111111111111111111111111 11111111111111 11111111111111111111, 11111111
1111111 (1111111111, 11 111 11111111 1111111111 1111- 111111, Qud 1111111 m 1111111, 1111111 11111 111 me 111-
111111111111 11111111 perehtman», 11 11131111111;11 1181111111 111111, 1111111 11, 11111111, 1111111
111111111111111111111111,11111111111111111111111, 1111. Si 11111 111111 11111111111111111111 11111111
111111111111111. 111111111111111111, 1111111111 1111111111 1111111111
. 111111111111. 111111, 11111 1111111111 os Spiritum 1111111111 1111-
11 11 1111111111 1111,11111,11111111111111; 1111111111, 11111111 1111111111111111111111 Erit
111 111 1111111 111111111111111111111111,1111 11111111111111111111111111111111111111111 1111111
111111 111 1111111,11111111111 1111111111611. 11111111 111111 11 11111111 qma 1111111 11111. 111
xm, ‚Ae-w. ⁴ 1111111111111111111 11 upum. 11111 Sur {h-
1. 1111111111 11 111111 Evangelio loquentem 111- 11111 11 Filium 1111111 11111111 1111111111 1111111111-
nin· 11111 1111111111, 1 11111, 1111111111 111111; 1111,111111111118111111111111111111111111111 boc
111 1111111111111 11111111 111,11111111111111111 111111. [1111111111 11111111 11111, 11 1111111111
111111 11 qui 1111111111111111111111,11111111111111 Patri, 11111 munium Filio 11111ᾰί11111ῃωί1111
11111111 11.» 1111 111111111,ῃι’11111111111111111111111 111111111111111 111111111111111111111111 11
μ111,111111111ιι1111111111111111 etonempb: 111 111111 verbis 111111 11111111 1111111111 Filii 11 11111-
poterimus 11 1111 11111111111111111111111111111· 1111,1111111 Ρ11111111111111111111111111.11111111111111
1111111111111111,11111111 &a 1111111111111 11111111- 111111 potius 1111111111 , Ego 11111111 mm 1111111
1111111111111111111111111111111111111111111111- (1111. 1, 111). Ubi 1111111111111111111111111111 11
111,1111111111111111111111111111111111111- 11111111111111111111 1111111111 1111111111· 11111111,
gerim 1 1111 11 111111111811111111, Qui manducat 11- 11111 1111111 1111111011111111 111111, 1111 111111 vestras
1111 1111111, 11111111 11111 1111111111111111111.11111 11111 1111111111.
11111111111111,1111111111111111111111111111111111 1. Sed 1111111111111 1111111111 11111111, quonam
1111111111 111111 1111 11111111 11111111111111, Ergo 11111111 1111111111111 1111111111111111111,
ipsun 111 11111111,111111111111111111111, 1111111· 0111111111 si quem misero, 111 caepit,- qm' 111111 111
mone 11111111 Quod 1111 1111, inquit, 111111· 111111 11 11111111111111111 quim 11111111 enim voluerimus
1111111111 11, 111111111111111111111111111111111 intelligere 1111 11111111 , 1111111 1111111, 1111111 eum
111 1111 1111 1111111, 111111 111111 11. 1111 11111111 111 111 111111, 1111111111111111 11111 11111 1111111111,
11111111. 0111, 11111 1111111111 11111 11111111 1111 1111111111111111111111 1111111111 1111111111111,
11111111, 11 1111111111111111,11111111111 1111111 1111111111111, Qui 111111111111111111111111111,
111111111111111111111111111111111.1111 11111111 1111111111 1111111 1111111111. 1111111 qui-
1111111 quam-matu, 1111111111 1111111111 11111 1111 11111111111111 11 1111 1111111111, (11111111
11111, 11 1111111 11111 1111111111 111 11111. 11, 1111 11 11111111 111 1111 1111111111, 111 1111111111 111
1111111111ηᾶ 1111111111, d 1111 ntiquom 111- 1111111111 11111 (Pul. 1111, 1111 ’11111111 1111111111
mm 1111111111 ad hominem, de 111 1110 1111111 111 (11111. 1 , 11), boc 111, 1111111111 1111111
11, 1111 1111 11 1111111111 1111111111111ῢ11 111. 1111111111 dixisse 111111 1111111111· 1111111

1111111111111111111111111111111111111111111 1111111111,11111111111111111111111111111;1111111- ’

 

